4
8
11
4
16
2
2
2
13
50
4
2
3
11
3
3
2
3
2
2
2
15
35
3
2
12
4
2
5
2
4
2
3
2
3
2
7
3
4
36
3
3
12
11
27
4
2
19
5
4
3
3
4
2
2
3
2
2
5
2
4
2
13
2
7
10
4
8
5
7
3
3
10
3
2
9
2
2
2
4
4
4
3
4
4
2
4
2
2
10
2
3
4
2
2
3
2
5
3
4
2
2
4
3
2
23
2
2
3
6
2
4
6
3
3
2
2
3
2
3
3
10
3
20
2
8
12
5
2
2
2
2
4
2
7
3
4
2
6
4
2
4
2
2
14
2
28
12
2
13
11
3
428
3
3
4
4
12
3
9
2
2
7
4
4
2
3
4
6
6
2
3
2
2
2
2
2
2
4
2
4
3
2
5
12
3
5
2
5
5
3
8
5
5
5
10
2
3
2
3
2
5
3
5
2
5
4
3
5
3
3
3
3
5
4
7
7
7
4
2
3
3
2
3
3
2
2
2
3
6
4
4
2
2
4
4
3
2
4
3
11
2
4
3
4
10
2
10
7
6
2
3
2
5
2
26
5
10
5
2
2
6
5
10
4
3
2
2
2
4
2
12
2
6
2
2
4
20
2
4
2
4
3
4
2
2
14
2
4
2
2
2
2
3
2
4
2
10
2
3
9
3
4
2
5
6
6
3
3
5
9
4
2
4
2
3
2
4
5
6
5
2
2
3
2
3
6
2
2
2
3
2
3
4
3
2
3
3
7
3
2
3
6
4
4
4
12
2
3
2
2
4
2
5
4
2
2
2
3
3
3
2
2
2
6
3
7
3
5
2
2
3
6
2
2
2
3
2
2
2
2
4
5
3
4
4
3
3
2
2
2
2
2
3
2
3
3
2
5
2
2
2
4
5
3
2
3
2
2
2
3
2
3
4
2
2
2
2
2
2
4
2
2
2
2
2
3
3
4
2
2
10
2
2
3
5
2
2
2
2
2
5
2
2
4
2
2
3
2
5
4
3
3
4
2
2
4
2
2
