11
2
4009
37
5
13
6
9
15
2
5
5
16
11
115
2
30
4
3
18
3
22
2
10
3
2
2
29
4
15
3
9
8
9
5
2
5
6
3
7
20
5
4
2
10
5
2
2
3
6
2
3
5
4
3
2
3
9
10
3
6
3
7
8
7
3
3
8
7
9
6
5
2
7
4
10
4
7
2
6
2
6
4
13
2
3
3
3
4
3
3
2
14
3
4
4
5
11
13
11
7
3
5
8
6
2
3
2
22
3
3
2
15
23
6
2
2
2
11
9
2
3
2
17
3
5
4
3
3
3
3
2
2
2
4
2
13
16
4
8
2
4
5
4
12
11
15
2
6
2
14
3
3
4
3
5
16
2
10
6
4
19
6
3
6
5
19
2
3
4
2
3
8
8
2
3
5
4
12
7
5
4
4
2
3
9
3
3
4
5
16
4
8
10
5
12
3
10
14
6
10
8
2
6
4
2
2
4
3
4
13
3
4
4
8
2
4
4
4
5
2
2
2
2
7
4
2
3
2
5
8
3
2
4
12
3
5
2
8
2
4
19
5
2
3
7
2
4
4
2
4
3
4
5
5
5
13
5
2
5
6
7
5
8
5
4
8
16
2
6
9
2
5
6
4
3
2
6
2
8
5
3
6
4
8
4
8
5
4
3
12
3
11
2
4
2
5
4
3
6
3
2
2
3
4
2
4
3
2
3
2
4
7
3
8
4
4
3
3
2
11
12
3
2
5
5
2
21
10
12
4
5
26
10
3
2
6
4
2
3
3
7
3
5
5
7
2
2
3
5
3
3
2
6
6
5
2
5
3
4
2
5
3
4
9
14
3
2
2
4
4
2
5
2
4
8
4
2
3
5
5
7
5
3
3
3
2
9
3
4
5
5
2
7
4
9
2
2
6
3
5
2
2
5
2
2
2
4
5
5
5
3
13
4
4
4
3
3
3
6
3
2
4
5
5
2
2
3
5
2
2
6
7
8
4
4
3
2
3
2
2
11
6
8
2
4
3
4
3
6
2
3
8
2
4
5
4
2
2
5
3
3
2
8
8
5
2
3
5
2
3
2
3
7
7
4
3
3
2
5
5
2
2
2
3
2
3
4
2
4
2
2
2
2
6
9
2
2
2
3
15
3
3
2
2
2
3
8
4
7
2
7
3
2
4
2
2
6
5
4
5
4
4
4
2
3
3
5
2
5
5
3
6
3
5
6
5
2
5
2
2
3
4
3
3
5
3
4
3
4
5
2
2
2
2
4
2
3
4
5
3
2
6
5
2
3
2
3
10
2
3
3
2
2
6
2
6
7
3
3
3
2
3
2
3
3
4
3
2
3
5
3
2
4
2
2
2
3
2
2
2
5
